0,4,0,0,0,0,0,0,0,0,0,0,0,0,2,0,2
4,0,0,0,0,0,2,0,0,0,0,0,2,0,0,0,1
0,0,0,0,2,0,0,0,4,0,0,0,2,0,2,0,2
2,0,0,0,2,0,0,0,4,0,0,0,4,0,0,0,3
0,0,0,2,0,0,0,2,0,0,2,4,0,0,0,4,0
2,0,2,4,0,0,0,8,0,0,0,0,0,0,0,0,2
4,4,0,0,8,0,0,0,0,0,0,0,2,0,0,0,1
0,0,0,0,4,0,4,0,8,0,0,0,2,4,0,0,3
0,0,2,0,0,0,0,8,0,0,0,8,0,0,2,4,0
0,0,4,16,0,0,0,4,0,0,0,0,0,2,0,0,2
4,16,0,0,4,0,2,0,0,0,0,0,2,0,0,0,1
0,0,2,0,0,0,0,0,8,0,0,0,2,16,2,0,0
8,16,4,2,2,0,0,0,0,0,0,0,0,0,0,0,3
8,16,4,2,0,0,0,2,2,0,0,0,0,0,0,0,2
8,16,4,2,2,0,0,0,2,0,0,2,0,0,0,0,0
8,16,4,4,4,0,0,4,0,0,0,0,0,0,0,0,1
0,0,0,0,0,0,0,0,8,2,0,0,4,16,4,8,3
0,0,0,0,0,0,0,2,0,0,8,2,4,16,4,8,0
4,16,8,4,0,2,4,8,0,0,0,0,0,0,0,0,2
4,16,8,4,2,4,8,0,2,0,0,0,0,0,0,0,3
4,16,8,4,0,2,4,8,0,2,0,2,0,0,0,0,1
0,0,0,2,0,0,0,4,0,16,8,8,4,4,4,2,0
4,16,8,2,0,4,4,4,2,0,0,8,0,0,0,2,2
4,16,8,2,8,4,0,0,2,8,0,0,2,2,0,0,0
4,16,8,2,8,4,0,2,4,8,0,0,0,2,0,0,3
4,16,8,2,0,8,4,2,0,0,4,8,0,2,0,2,2
4,16,8,2,8,4,2,0,4,8,0,0,4,2,0,0,1
0,16,0,4,4,4,0,0,8,8,8,0,8,2,2,2,0
4,16,8,4,16,4,2,2,0,8,0,0,0,2,0,2,1
2,16,0,0,0,4,0,0,4,8,8,4,16,2,2,4,2
2,16,0,0,4,2,0,0,4,16,4,0,16,4,4,0,3
0,0,2,16,0,2,4,2,0,4,16,4,0,0,16,8,0
0,2,2,16,0,4,4,2,0,0,32,4,0,2,0,8,2
4,16,0,0,8,2,0,4,32,4,0,0,2,8,0,0,1
4,16,2,0,8,2,0,0,32,4,0,0,2,8,0,4,0
4,16,2,4,8,2,0,0,32,4,0,2,2,8,0,0,2
4,16,2,4,8,2,0,0,32,4,2,2,2,8,0,0,1
4,16,0,0,8,2,0,2,32,4,0,4,2,8,4,2,3
0,0,4,16,0,0,8,4,4,0,32,8,2,8,4,2,0
4,8,4,16,2,0,8,4,0,0,32,8,4,0,4,2,2
4,8,4,16,2,8,4,2,32,8,0,0,8,2,0,0,1
4,0,0,0,2,8,0,0,32,16,2,16,8,2,8,2,0
4,8,2,16,2,16,8,2,32,2,0,0,8,0,0,2,2
4,8,2,16,2,16,8,2,32,2,2,0,8,2,0,0,1
4,0,0,2,2,8,2,0,32,16,8,16,8,4,2,2,3
0,0,4,2,2,2,8,2,32,16,8,16,0,8,4,4,0
2,2,4,4,32,16,16,16,0,8,4,4,0,0,0,2,2
4,8,0,0,32,32,16,0,8,8,0,0,2,2,0,0,1
4,8,0,0,32,32,0,0,8,8,2,0,2,2,16,0,0
4,8,2,0,32,32,16,0,8,8,0,2,2,2,0,0,0
4,8,2,2,32,32,16,2,8,8,0,0,2,2,0,0,2
4,8,4,0,64,16,2,0,16,0,2,0,4,0,0,0,2
4,8,4,0,64,16,2,0,16,2,0,0,4,2,0,0,3
2,4,8,4,0,64,16,2,0,0,16,2,0,0,4,2,0
2,4,8,4,0,64,32,4,0,0,4,2,0,0,0,2,1
0,0,0,0,0,0,8,0,2,4,32,8,2,64,4,4,0
4,4,8,8,0,64,32,4,0,2,4,0,0,0,0,0,2
8,16,0,0,64,32,4,0,2,4,0,0,0,0,0,2,1
0,0,0,0,8,16,2,0,64,32,0,0,2,4,4,2,0
8,16,2,2,64,32,4,0,2,4,0,0,0,0,0,2,3
0,8,16,4,0,64,32,4,0,0,2,4,0,0,4,2,0
0,8,16,8,0,64,32,4,0,2,2,2,0,0,4,0,2
8,16,8,2,64,32,4,0,4,2,0,0,4,0,0,0,1
0,0,2,0,8,16,0,0,64,32,8,0,8,2,4,2,0
8,16,2,2,64,32,8,0,8,2,4,0,2,0,0,0,2
8,16,4,0,64,32,8,0,8,2,4,0,2,0,2,0,1
8,0,4,0,64,16,8,2,8,32,4,0,2,2,2,0,3
0,0,8,4,64,16,8,2,0,8,32,4,0,2,2,4,0
64,16,16,4,0,8,32,2,0,2,2,8,0,0,0,2,2
64,32,4,2,8,32,2,0,4,8,0,0,2,0,0,0,1
64,0,0,0,8,0,0,0,4,64,4,2,2,8,2,2,3
0,0,2,64,0,0,0,8,4,64,4,2,0,2,8,4,0
4,64,2,64,0,2,4,8,2,0,8,2,0,0,0,4,2
4,64,2,64,2,4,8,0,2,8,2,0,4,2,0,0,1
0,64,0,2,4,4,2,0,4,8,8,0,4,2,2,64,3
0,2,64,2,0,0,8,2,0,0,4,16,0,4,4,64,0
0,2,64,4,0,4,8,16,0,0,8,64,0,0,0,4,2
2,64,4,0,4,8,16,0,8,64,0,0,4,0,2,0,1
2,0,0,4,4,64,4,0,8,8,16,0,4,64,2,0,3
0,0,2,4,0,4,64,4,0,2,16,16,0,4,64,2,0
0,4,2,8,0,2,64,16,0,4,16,2,0,2,64,0,2
4,2,8,0,2,64,16,0,4,16,2,0,2,64,0,2,1
4,2,0,0,2,64,8,2,4,16,16,0,2,64,2,2,3
0,0,4,2,2,64,8,2,0,2,4,32,0,2,64,4,0
2,64,4,4,0,4,8,32,2,0,4,4,0,0,64,0,2
2,64,8,0,4,8,32,0,2,8,0,0,64,0,0,4,1
2,2,0,0,4,0,0,0,2,64,8,0,64,16,32,4,3
0,0,2,4,0,0,0,4,0,2,64,8,64,16,32,4,0
64,2,2,8,0,16,64,8,2,0,32,4,0,0,0,0,2
64,4,8,0,16,64,8,0,2,32,4,2,0,0,0,0,1
0,0,0,0,64,4,0,0,16,64,16,4,2,32,4,2,3
0,0,0,2,0,0,64,4,16,64,16,4,2,32,4,2,0
16,64,64,2,2,32,16,8,0,0,4,2,0,0,0,4,2
16,128,2,0,2,32,16,8,4,2,0,0,4,0,2,0,1
0,2,0,0,16,128,2,0,2,32,16,0,8,2,2,8,3
0,0,0,2,2,16,128,2,0,2,32,16,0,8,4,8,0
2,16,128,4,0,2,32,16,0,8,4,8,0,0,2,0,2
2,16,128,4,2,32,16,0,8,4,8,2,2,0,0,0,1
0,0,0,0,4,16,128,2,8,32,16,4,2,4,8,2,0
4,16,128,2,8,32,16,4,2,4,8,2,0,0,4,0,2
4,16,128,2,8,32,16,4,2,4,8,2,4,0,0,2,1
4,0,0,2,8,16,128,2,2,32,16,4,4,4,8,4,3
2,0,4,2,8,16,128,2,2,32,16,4,0,8,8,4,0
2,16,4,4,8,32,128,8,2,8,16,0,0,0,8,2,2
2,16,8,0,8,32,128,8,2,8,16,0,8,2,0,2,1
2,16,0,0,8,32,8,2,2,8,128,8,8,2,16,2,3
2,0,2,16,8,32,8,2,2,8,128,8,8,2,16,2,0
2,32,2,16,8,8,8,2,2,2,128,8,8,2,16,2,2
2,32,2,16,16,8,2,2,4,128,8,0,8,2,16,2,1
2,32,0,0,16,8,4,2,4,128,8,16,8,2,16,4,3
2,0,2,32,16,8,4,2,4,128,8,16,8,2,16,4,0
2,8,2,32,16,128,4,2,4,2,8,16,8,2,16,4,1
2,2,2,32,16,8,4,2,4,128,8,16,8,4,16,4,3
2,2,4,32,16,8,4,2,4,128,8,16,8,4,16,4,0
2,2,8,32,16,8,8,2,4,128,16,16,8,4,2,4,2
4,8,32,0,16,16,2,0,4,128,32,2,8,4,2,4,3
0,4,8,32,0,2,32,2,4,128,32,2,8,4,2,4,0
4,4,8,32,8,2,64,4,0,128,2,4,2,4,0,0,2
8,8,32,0,8,2,64,4,128,2,4,0,2,4,0,2,1
2,0,0,0,16,8,32,0,128,4,64,4,2,4,4,2,3
0,2,0,2,0,16,8,32,128,4,64,4,0,2,8,2,0
128,2,8,2,0,16,64,32,0,4,8,4,2,2,0,2,2
128,2,8,2,16,64,32,0,4,8,4,0,4,2,0,2,1
4,2,0,0,128,64,8,0,16,8,32,0,8,2,4,4,3
0,0,4,2,0,128,64,8,2,16,8,32,0,8,2,8,0
2,128,4,2,2,16,64,8,0,8,8,32,0,0,2,8,2
2,128,4,2,2,16,64,8,16,32,0,0,2,8,0,2,1
0,128,2,0,4,16,0,2,16,32,4,8,2,8,64,2,3
0,0,128,2,2,4,16,2,16,32,4,8,2,8,64,2,0
2,4,128,4,16,32,16,8,2,8,4,2,0,0,64,2,2
2,4,128,4,16,32,16,8,2,8,4,2,64,2,2,0,1
2,4,128,2,16,32,16,4,2,8,4,8,64,2,2,2,3
2,4,128,2,16,32,16,4,2,8,4,8,2,64,2,4,0
